{
    "intrinsic_settings": {
        "type_id": "opencv-matrix",
        "rows": 3,
        "cols": 3,
        "dt": "d",
        "data": [ 9.3631602982099491e+02, 0.0, 3.9640690934968831e+02,
            0.0, 9.4191716083704273e+02, 4.0068366440632565e+02, 0.0,
            0.0, 1.0 ]
    },
    "dist": {
        "type_id": "opencv-matrix",
        "rows": 1,
        "cols": 5,
        "dt": "d",
        "data": [ -5.3729524964667907e-03, 8.0452508375791251e-02,
            2.8420793161687839e-04, 2.1780850843096440e-04,
            -1.0778546265063370e-01 ]
    }
}
