{
    "intrinsic_settings": {
        "type_id": "opencv-matrix",
        "rows": 3,
        "cols": 3,
        "dt": "d",
        "data": [ 3.4305186682510345e+02, 0.0, 1.9872203306371421e+02,
            0.0, 3.4511626499525255e+02, 1.9914668462920886e+02, 0.0,
            0.0, 1.0 ]
    },
    "dist": {
        "type_id": "opencv-matrix",
        "rows": 1,
        "cols": 5,
        "dt": "d",
        "data": [ 9.2789160714569670e-03, -7.8073014586505897e-03,
            1.0507095864820622e-04, -1.1959398602478309e-03,
            7.7755976647262478e-04 ]
    }
}
