<?xml version="1.0"?>
<opencv_storage>
<calibration_time>"Fri 29 May 2020 02:05:20 AM PDT"</calibration_time>
<nr_of_frames>25</nr_of_frames>
<image_width>800</image_width>
<image_height>800</image_height>
<board_width>9</board_width>
<board_height>6</board_height>
<square_size>2.5000000372529030e-02</square_size>
<fix_aspect_ratio>1.</fix_aspect_ratio>
<!-- flags: +fix_aspectRatio +fix_principal_point +zero_tangent_dist +fix_k4 +fix_k5 -->
<flags>6158</flags>
<fisheye_model>0</fisheye_model>
<camera_matrix type_id="opencv-matrix">
  <rows>3</rows>
  <cols>3</cols>
  <dt>d</dt>
  <data>
    4.7104935075872186e+02 0. 3.9950000000000000e+02 
    0. 4.7104935075872186e+02 3.9950000000000000e+02 
    0. 0. 1.
  </data></camera_matrix>
<distortion_coefficients type_id="opencv-matrix">
  <rows>5</rows>
  <cols>1</cols>
  <dt>d</dt>
  <data>
    1.2343941053074502e-02 -2.4920549042778767e-02 0. 0.
    1.4598803259964176e-02</data></distortion_coefficients>
<avg_reprojection_error>2.9273553166617466e-01</avg_reprojection_error>
<per_view_reprojection_errors type_id="opencv-matrix">
  <rows>25</rows>
  <cols>1</cols>
  <dt>f</dt>
  <data>
    3.51263821e-01 4.07436699e-01 4.20243084e-01 3.85460258e-01
    2.59712994e-01 2.87482172e-01 4.48623091e-01 4.71688449e-01
    1.46725506e-01 1.50316611e-01 1.33707508e-01 2.46438012e-01
    2.80208737e-01 3.46666336e-01 3.64637017e-01 1.81320831e-01
    1.67748407e-01 3.02873611e-01 2.64391840e-01 3.55393618e-01
    2.64225692e-01 1.63598076e-01 1.36049077e-01 1.72205463e-01
    7.64200240e-02</data></per_view_reprojection_errors>
<!-- a set of 6-tuples (rotation vector + translation vector) for each view -->
<extrinsic_parameters type_id="opencv-matrix">
  <rows>25</rows>
  <cols>6</cols>
  <dt>d</dt>
  <data>
    2.9884203016228446e-03 -1.5149392191516448e-01
    3.1375486460277004e+00 9.0815573372856034e-02 1.1521234419838562e-01
    2.4011119529391864e-01 -2.1276296309238715e-03
    1.7097624541100323e-01 -3.1365796419405920e+00
    9.0784046018865222e-02 -1.2864544769770971e-02
    2.2770281737270806e-01 2.2582697816780940e-03 1.7019194184335976e-01
    -3.1375447409607840e+00 1.3519432759411343e-01
    -1.2965985495224109e-02 2.2792116232035806e-01
    -5.4575708017253494e-03 1.7054709968430323e-01
    -3.1359887640825446e+00 5.7800990815755786e-02
    -1.2762490888214016e-02 2.2738891620754520e-01
    4.4959288509870184e-03 -1.5139047742278453e-01
    3.1368481834043385e+00 5.7906917571060104e-02 1.4998026961630606e-01
    2.4365717288586886e-01 -2.5605679557468407e-03
    -1.5226337232777915e-01 3.1387613894790651e+00
    1.5676248664178219e-01 1.5014779528430189e-01 2.4412824654222703e-01
    -6.8790933168628426e-03 -1.5878748265484724e-01
    3.1377657776011492e+00 1.5676553377753630e-01 5.8289752560232146e-02
    2.3485015615515062e-01 3.7291985353218363e-03
    -1.5691517848516018e-01 3.1376239507938988e+00
    9.2485772216491943e-02 5.8294824942094030e-02 2.3422277905621255e-01
    1.5354732378116101e-03 1.1083597027759591e+00 2.9397142202260347e+00
    9.2453871885989483e-02 4.2669656664039934e-02 1.8737699386244694e-01
    -1.4276605722207624e-03 -1.1088363677473625e+00
    -2.9391965188970466e+00 9.2454820539770388e-02
    7.5412372873491082e-03 2.1829837968352986e-01
    -8.5369648823549124e-04 -1.1088328782352097e+00
    -2.9392310033044882e+00 1.1446741594877780e-01
    7.5475520896891050e-03 2.1836657075359173e-01
    -4.5573572742055839e-04 5.8879044252525581e-01
    -3.0857057205938703e+00 1.1448200476049566e-01
    1.9251438448369629e-02 2.8234560640035533e-01 9.7838987270452316e-02
    -5.2378842688237059e-01 2.7485621609101902e+00
    1.2914730489276280e-01 -1.9144948630007715e-02
    2.6668970648959783e-01 -6.5056140800581475e-01
    -3.6900982032373403e-01 2.6002713014834797e+00
    1.1379672299433759e-01 -3.6158803079146491e-02
    3.2323763396685035e-01 -2.1486975623767363e-01
    -5.0807374373574708e-02 -2.3722903838781457e+00
    3.9454080012343677e-02 8.1479942702385108e-02 2.4192003901831099e-01
    -2.9803679114731424e-01 7.0909434831438478e-01
    -2.8831814759633470e+00 1.0424278867259444e-01
    3.7801004962477007e-02 2.7193884928722423e-01
    -2.6947541926671942e-01 7.0472652631850241e-01
    -2.1680595819600179e+00 3.4159282549085977e-02
    7.7416899301425465e-02 3.0027221712240970e-01
    -5.5551026363744382e-01 -1.2535115153545273e-01
    3.0829163385877103e+00 1.0611697974346256e-01 1.6414366255627555e-01
    3.1525403570887611e-01 5.3174308940337311e-01 8.2179122490315704e-01
    -2.9046612169559696e+00 9.6252303514647558e-02
    1.5548998877358478e-01 3.4140618824074420e-01
    -5.2118723638118525e-01 6.4767381285702341e-01
    2.9285374690295884e+00 1.1694474733034073e-01 1.5810289583610654e-01
    2.8578189808727555e-01 5.4337782515686806e-01 5.2593692212449006e-01
    2.7952576223896863e+00 1.1251096881892630e-01 1.2712320035716126e-01
    2.1268807087471567e-01 6.2810868169718159e-01 4.8540257745908577e-01
    2.9947368615048071e+00 1.0720731663656502e-01
    -4.8570610253601508e-02 2.7674112153475083e-01
    -6.3575985573672944e-01 -9.6286292487104674e-01
    -2.8985497158158622e+00 9.9420803465527591e-02
    -5.7535143475803373e-02 2.6071167523134625e-01
    3.5242484908160393e-01 9.6741693399254158e-01 2.5351737419391656e+00
    1.2271463020006018e-01 -1.0405986193719571e-01
    2.8660770878182906e-01 -1.0626553916335174e-01
    -9.4855382585435333e-01 2.4919507494437778e+00
    1.3055547900032663e-01 -1.0516766651324357e-01
    3.6925952225681130e-01</data></extrinsic_parameters>
